50
50
00000000000000000001000000000000000000000011002200
00000000000000000010000000000000000000000100002200
00000000000000000010001000000000000001000111200000
00000000000000000001001000000000000011002012220000
00000000000000000000000000000000000100122000220000
00000000000022000001000000000000000011022022200000
00000000002000020001100000000000000001000220000000
00000000000000020000101000000000000000000000000000
00000000020000020000001000000000000000000000000000
00000000010002000000000000000000000000000000000000
00000000010100000000000100000000000000000000000000
00000002110100001000001010000000000000000000000000
00020000011000011100010000000000000000000000000000
00202000000000000000001110000000000000000000000000
02000000000000001000000000000000000000000000000000
00000000002000000002000000000000100000110000000000
22020000002020002002000100000001010000101100000020
02000000002220022020002011000011010000001100000020
00000000000000002022002000000011100000101100000020
01111100000000000222021001000000010100110000000000
01001100000000000022000110000000011000000000000000
01111000000000000000000000000000001000000000000000
00000000000000000000000000000000000000000000000000
00000000000000011100000000000000000000000001100000
00000000000000100110000000000000000000000001100000
00000000020001001011010000000000000000000000000000
00000002202200110000111000200000000000000000000000
00000000000200110000010002000000000000000000022000
11000002000200000010002200000000000000000000022000
11000000222000000010012200000000000000000000000220
00000000000000000000101000000000111000000001020220
00000000000000000000000101100000111000000000000220
11000000000000000000010100220001100100000002220000
10100000000000000000100120022010000000000000000000
10100000000000000000110020000000000000220000000200
01002002000000000001000000000001000000220000022022
00002002000000000001101000000011000000000000000022
00002000200000000011101022002100000000000000000000
00002020000000000101000000000000000000000000200020
00000000000000000100100000000000000000000000022200
00000222000000000011000000000000000000000000000000
00000000000000000000000000000000000000000000000000
02200000000000000000000000000000000000000000000000
02200000000000000000000000000000000000000010000000
00000000000000000000000000000000000000000101000000
00000000000000000000000000000000000000000000100000
00000000000000000000000000000000000000000100100000
00000002200000000000000000000000000000000001100000
00000002200000000000000000000000000000000000010000
00000000000000000000000000000000000000000001100000
