50
50
00000000000000000000000000000000000000001000000000
00000000000000000011000000000000000100110100000000
00000000000000000011000000000000001110000001100000
00000000000000000000000000000000010010001000010000
00000000000000000000000000000000011000100000010000
00000000000000000000000000000000001000100000010000
00000000000000220000000000000000000000000000100000
00000000000002002000001000000000000000000010000000
00000000000000220000011000000000000000011100000000
00000000000000000000100000000000000000011100000000
00000000000000000001000000000000000000111000000000
00000000000000000001001000000000000000100000000000
00000000000000000001001100000000000000000000000000
00000000000220000000101100000000000010000000000200
00000002200022000000010000000000000010100000002220
00000000222022000000000000000000000011100000002002
00220000022220000000000000000000000000100000000220
00200000020000220000000000000000000011010000000000
11100000000000220000000000000000000000010110000020
00100000000220220000000000000000000111100001102002
11000000000022000000000010000000000101100101011020
00000000000020000010000101000000011100000100011000
00000000000000000101001101000000000000100101100000
00000000000001000101000100100000000000000111000000
00000000000010100010000011100000000000000010000000
00000000000100100000000011100000000000000000000000
00000000000011000000000000000000000000000000000000
01000000000000000000000000000000000000000220000000
01000100002000000000000000000101100000002002000020
01000010000200000000000000001000000000000220000202
00000011002000000000000000010000010000000000000022
00011000000000000000000001000011100000000000000000
00011100000000000000000001000000000000000000000000
00000000000000000000000001001000000000000000000000
00000000000000000000110001000000000000222022200000
00011000000000000000111011100000000000222020200000
01111000000000000001000111010000000000000022200000
10010000000000000001010110110000000000000000000000
11100000000000000000110101100000000000000000000000
00000000000000000000000011000000000000000000000000
00000000000000000000000010000000000000000010100000
00000000000000000000000000000000000000000101010000
02200000000000000000000000000000000000000000000000
02200000000000000000000000000000000000010000000100
00000000000000000000000000000000000000100000000010
00000000000000000000000000000000000000010000000100
00000000000000000000000000000000000000100001000010
00000002200000000000000000000000000000000010100000
00000002200000000000000000000000000000010100010100
00000000000000000000000000000000000000000000000000
